中心城北 75 69 0 1 67 5 0 0 0 6 4 72 68 0 1 0 3 3 0 0 0 4 71 70 0 2 1 4 3 1 5 0 9 7 1 0 3 1 1 2 1 1 0 5 0 0 0 0 0 0 0 0 0 0 0 10 10 10 10 10 10 10 10 10 10 10
中心城东 75 69 0 1 67 5 0 0 0 6 4 72 68 0 1 0 3 3 0 0 0 4 71 70 0 2 1 4 3 1 5 0 9 75 5 0 1 0 4 0 9 0 4 5 0 0 0 0 0 0 0 0 0 0 0 11 11 11 11 11 11 11 11 11 11 11
沙湾 1 71 0 1 1 3 9 1 2 0 7 70 74 5 1 1 3 0 1 2 7 67 0 0 0 0 0 0 0 0 0 0 0 9 9 9 9 9 9 9 9 9 9 9 9 9 9 9 9 9 9 9 9 9 9 9 9 9 9 9 9 9 9 9 9 9
横岗信义 71 65 0 2 1 4 4 9 8 6 70 70 8 0 3 2 2 2 2 2 7 7 72 68 0 4 1 2 0 2 6 1 9 4 73 0 4 7 4 0 0 0 3 3 0 0 0 0 0 0 0 0 0 0 0 11 11 11 11 11 11 11 11 11 11 11
横岗振业城 71 65 0 2 1 4 4 9 8 6 70 70 8 0 3 2 2 2 2 2 7 7 71 69 0 4 1 5 1 0 3 2 65 67 73 0 4 2 3 2 1 0 0 5 71 70 0 2 1 4 3 1 5 0 9 0 0 0 0 0 0 0 0 0 0 0
坂田佳兆业 70 1 0 3 1 4 2 1 4 7 7 70 6 4 2 0 6 0 4 0 0 5 1 66 4 1 1 2 4 2 1 4 8 9 69 0 4 0 3 2 1 1 3 6 67 73 0 4 2 3 2 1 0 0 5 0 0 0 0 0 0 0 0 0 0 0
坂田星河雅宝 70 1 0 3 1 4 2 1 4 7 7 70 6 4 2 0 6 0 4 0 0 5 72 68 0 1 2 6 0 1 0 5 9 3 65 0 2 1 3 1 1 2 0 8 1 73 4 3 1 7 0 2 1 5 67 9 1 0 3 2 3 0 1 0 3 8
中信龙盛 75 69 0 1 67 5 0 0 0 6 4 72 68 0 4 1 2 0 2 6 1 9 75 7 0 2 67 4 3 0 1 4 5 71 71 0 4 2 5 3 1 0 2 66 0 0 0 0 0 0 0 0 0 0 0 14 14 14 14 14 14 14 14 14 14 14
平湖 72 2 0 2 67 1 0 4 0 9 5 5 65 0 2 1 3 7 1 2 0 67 0 0 0 0 0 0 0 0 0 0 0 9 9 9 9 9 9 9 9 9 9 9 9 9 9 9 9 9 9 9 9 9 9 9 9 9 9 9 9 9 9 9 9 9
龙东 75 7 0 2 67 4 3 0 1 4 5 75 5 0 1 0 4 0 9 0 4 5 0 0 0 0 0 0 0 0 0 0 0 8 8 8 8 8 8 8 8 8 8 8 8 8 8 8 8 8 8 8 8 8 8 8 8 8 8 8 8 8 8 8 8 8
龙岗满京华 75 7 0 2 67 4 3 0 1 4 5 70 8 0 3 2 2 2 2 2 7 7 70 3 0 3 1 3 4 1 2 7 68 72 66 0 1 4 0 0 9 0 6 8 1 65 5 2 2 2 4 4 0 1 6 12 12 12 12 12 12 12 12 12 12 12
坂田六号路 70 1 0 3 1 4 2 1 4 7 7 70 6 4 2 0 6 0 4 0 0 5 66 7 0 4 2 0 0 8 0 0 4 9 65 0 4 2 6 0 0 2 7 5 5 7 0 4 1 6 7 1 6 4 68 9 9 9 9 9 9 9 9 9 9 9
坪地启创/慢充 72 2 0 2 1 4 1 1 4 9 8 3 5 0 0 1 4 4 1 1 2 6 4 67 0 3 9 3 0 2 6 7 7 70 70 5 4 1 8 2 7 0 0 6 0 0 0 0 0 0 0 0 0 0 0 7 7 7 7 7 7 7 7 7 7 7
布吉街道办 5 1 0 4 9 4 0 2 2 7 5 4 66 0 2 2 4 0 6 0 1 6 67 66 0 1 3 2 1 2 2 1 67 9 5 0 4 66 3 8 3 0 6 67 70 1 0 4 67 4 0 3 3 0 4 0 0 0 0 0 0 0 0 0 0 0
布吉文博宫 5 1 0 4 9 4 0 2 2 7 5 4 66 0 2 2 4 0 6 0 1 6 71 74 5 2 2 0 0 4 0 0 4 2 1 0 2 1 4 3 0 4 2 67 75 8 0 1 2 3 0 6 0 6 9 8 8 8 8 8 8 8 8 8 8 8
坪地汽车站 72 2 0 2 1 4 1 1 4 9 8 3 5 0 0 1 4 4 1 1 2 6 4 67 0 4 1 3 8 1 1 7 7 3 70 0 1 0 4 0 5 0 0 4 70 69 0 4 1 0 1 1 6 0 65 0 0 0 0 0 0 0 0 0 0 0
石岩丽枫 4 71 0 2 9 1 0 6 0 2 5 70 73 4 2 2 2 2 6 0 2 8 4 7 0 4 2 1 0 2 2 7 7 71 4 0 1 1 4 7 9 1 0 8 0 0 0 0 0 0 0 0 0 0 0 7 7 7 7 7 7 7 7 7 7 7
龙城大运 75 7 0 2 67 4 3 0 1 4 5 71 70 0 2 1 4 3 1 5 0 9 1 5 0 4 67 4 0 8 0 0 3 74 73 0 4 66 3 1 3 0 3 7 0 0 0 0 0 0 0 0 0 0 0 12 12 12 12 12 12 12 12 12 12 12
龙西 75 7 0 2 67 4 3 0 1 4 5 4 68 0 1 2 1 0 6 0 4 6 0 0 0 0 0 0 0 0 0 0 0 7 7 7 7 7 7 7 7 7 7 7 7 7 7 7 7 7 7 7 7 7 7 7 7 7 7 7 7 7 7 7 7 7
横岗安良 71 65 0 2 1 4 4 9 8 6 70 70 8 0 3 2 2 2 2 2 7 7 70 0 0 1 2 3 0 4 0 4 6 70 7 4 2 2 3 0 7 3 2 7 0 0 0 0 0 0 0 0 0 0 0 9 9 9 9 9 9 9 9 9 9 9
石岩文体中心 4 71 0 2 9 1 0 6 0 2 5 70 73 4 2 2 2 2 6 0 2 8 71 74 5 2 2 0 0 4 0 0 4 4 6 0 3 1 2 5 2 3 0 7 75 69 0 1 67 5 0 0 0 6 4 72 68 0 1 0 3 3 0 0 0 4
大鹏欢乐海湾 1 5 0 4 67 4 0 8 0 0 3 71 2 0 2 1 7 7 2 2 7 68 70 65 5 1 1 7 7 4 8 2 6 3 7 0 4 0 7 2 9 0 4 5 7 65 0 3 1 3 8 1 5 7 65 70 74 5 1 1 3 0 1 2 7 67
大鹏七星湾 1 5 0 4 67 4 0 8 0 0 3 71 2 0 2 1 7 7 2 2 7 68 4 67 0 1 67 4 0 7 1 0 2 72 68 0 1 2 6 0 1 0 5 9 70 74 5 1 1 3 0 1 2 7 67 14 14 14 14 14 14 14 14 14 14 14
白石汽车总站 7 1 0 2 0 2 6 0 0 0 5 4 71 0 2 9 1 0 6 0 2 5 4 67 0 4 1 3 8 1 1 7 7 3 70 0 1 0 4 0 5 0 0 4 75 69 0 3 2 8 0 3 3 6 9 70 69 0 4 1 0 1 1 6 0 65
爵悦公馆 68 66 0 2 4 2 0 7 4 6 72 68 73 0 4 1 9 8 0 1 2 65 75 8 0 1 2 8 0 7 3 2 4 70 8 5 3 1 2 3 7 7 7 66 0 0 0 0 0 0 0 0 0 0 0 13 13 13 13 13 13 13 13 13 13 13
布吉街道办站/慢充 5 1 0 4 9 4 0 2 2 7 5 4 66 0 2 2 4 0 6 0 1 6 67 66 0 1 3 2 1 2 2 1 67 9 5 0 4 66 3 8 3 0 6 67 70 1 0 4 67 4 0 3 3 0 4 70 69 0 4 1 0 1 1 6 0 65
金地龙城中央 72 66 0 1 2 8 0 1 0 9 8 3 5 0 0 1 4 4 1 1 2 6 75 7 0 2 67 4 3 0 1 4 5 71 70 0 2 1 4 3 1 5 0 9 12 12 12 12 12 12 12 12 12 12 12 12 12 12 12 12 12 12 12 12 12 12
坪地启创 72 2 0 2 1 4 1 1 4 9 8 3 5 0 0 1 4 4 1 1 2 6 4 67 0 3 9 3 0 2 6 7 7 70 70 5 4 1 8 2 7 0 0 6 0 0 0 0 0 0 0 0 0 0 0 7 7 7 7 7 7 7 7 7 7 7
沙湾大巴站 1 71 0 1 1 3 9 1 2 0 7 70 74 5 1 1 3 0 1 2 7 67 1 5 0 4 67 4 0 8 0 0 3 1 1 0 1 0 7 7 7 1 7 4 70 69 0 4 1 0 1 1 6 0 65 12 12 12 12 12 12 12 12 12 12 12
惠州市大亚湾霞涌 7 65 5 4 2 5 0 3 3 3 67 65 69 0 1 0 3 2 0 0 0 6 4 71 0 4 2 0 0 2 2 7 5 1 5 0 4 67 4 0 8 0 0 3 1 73 4 4 2 1 0 1 0 2 6 70 74 5 1 1 3 0 1 2 7 67
沙湾直流快充站 1 71 0 1 1 3 9 1 2 0 7 70 74 5 1 1 3 0 1 2 7 67 4 69 0 2 2 4 0 1 0 2 8 66 7 0 2 1 3 0 1 1 2 65 7 9 5 4 1 9 5 0 8 0 7 11 11 11 11 11 11 11 11 11 11 11
六号路直流快充站 66 7 0 4 2 0 0 8 0 0 4 9 65 0 4 2 6 0 0 2 7 5 5 7 0 4 1 6 7 1 6 4 68 4 69 0 2 2 4 0 1 0 2 8 66 7 0 2 1 3 0 1 1 2 65 9 9 9 9 9 9 9 9 9 9 9
坪地汽车站大巴桩 72 2 0 2 1 4 1 1 4 9 8 3 5 0 0 1 4 4 1 1 2 6 4 67 0 4 1 3 8 1 1 7 7 3 70 0 1 0 4 0 5 0 0 4 70 69 0 4 1 0 1 1 6 0 65 1 5 0 4 67 4 0 8 0 0 3
惠州南站 7 65 5 4 2 5 0 3 3 3 67 65 69 0 1 0 3 2 0 0 0 6 70 7 0 2 2 4 0 2 2 7 9 70 69 0 4 1 0 1 1 6 0 65 0 0 0 0 0 0 0 0 0 0 0 11 11 11 11 11 11 11 11 11 11 11
龙岗区宝昌利 75 7 0 2 67 4 3 0 1 4 5 70 8 0 3 2 2 2 2 2 7 7 6 67 0 1 8 7 1 7 1 4 4 9 1 0 3 2 3 0 1 0 3 8 70 70 0 1 2 6 0 6 0 0 8 4 7 0 4 1 2 2 9 0 0 7
